{
 "cells": [
  {
   "cell_type": "markdown",
   "metadata": {},
   "source": [
    "## Group Assignment\n",
    "### Team Number: XX\n",
    "### Team Member Names: Derek Tan, Jeff Peng, Yuqian Lin\n",
    "### Team Strategy Chosen: SAFE"
   ]
  },
  {
   "cell_type": "markdown",
   "metadata": {},
   "source": [
    "### Abstract\n",
    "\n",
    "Our portfolio optimization strategy involves the use and implementation of the Modern Portfolio Theory (MPT) and analysis of the Efficient Frontier graphs.\n",
    "\n",
    "The objective of the portfolio optimization strategy is to maximize the portfolio return while maintaining the minimum portfolio risk. \n",
    "\n",
    "Modern Portfolio Theory states that since it is assumed that all investors are risk-adverse, when considering the possible portfolio allocation strategies, the investor will prefer the portfolio that maximizes the possible return while maintaining a given amount of risk.\n",
    "\n",
    "The Efficient Frontier is a graph that illustrates all possible portfolios portfolio allocation distributions. The x-axis represents the volatility of the portfolio, while the y-axis represents the expected return of the portfolio.\n",
    "\n",
    "The Efficient Frontier shows the optimized portfolios that offer the highest expected return for a given level of risk and the lowest level of risk for a given level of expected return.\n",
    "\n",
    "An example of the an Efficient Frontier graph is shown below.\n",
    "\n",
    "[insert image here]"
   ]
  },
  {
   "cell_type": "code",
   "execution_count": 2,
   "metadata": {},
   "outputs": [],
   "source": [
    "from IPython.display import display, Math, Latex\n",
    "from datetime import datetime\n",
    "\n",
    "import pandas as pd\n",
    "import numpy as np\n",
    "import numpy_financial as npf\n",
    "import yfinance as yf\n",
    "import matplotlib.pyplot as plt"
   ]
  },
  {
   "cell_type": "code",
   "execution_count": 3,
   "metadata": {
    "scrolled": true
   },
   "outputs": [
    {
     "name": "stdout",
     "output_type": "stream",
     "text": [
      "[*********************100%***********************]  11 of 11 completed\n"
     ]
    },
    {
     "data": {
      "text/html": [
       "<div>\n",
       "<style scoped>\n",
       "    .dataframe tbody tr th:only-of-type {\n",
       "        vertical-align: middle;\n",
       "    }\n",
       "\n",
       "    .dataframe tbody tr th {\n",
       "        vertical-align: top;\n",
       "    }\n",
       "\n",
       "    .dataframe thead th {\n",
       "        text-align: right;\n",
       "    }\n",
       "</style>\n",
       "<table border=\"1\" class=\"dataframe\">\n",
       "  <thead>\n",
       "    <tr style=\"text-align: right;\">\n",
       "      <th></th>\n",
       "      <th>AAPL</th>\n",
       "      <th>AMZN</th>\n",
       "      <th>BB</th>\n",
       "      <th>FB</th>\n",
       "      <th>GOOG</th>\n",
       "      <th>INTC</th>\n",
       "      <th>MSFT</th>\n",
       "      <th>NVDA</th>\n",
       "      <th>TSLA</th>\n",
       "      <th>TSM</th>\n",
       "      <th>TWTR</th>\n",
       "    </tr>\n",
       "    <tr>\n",
       "      <th>Date</th>\n",
       "      <th></th>\n",
       "      <th></th>\n",
       "      <th></th>\n",
       "      <th></th>\n",
       "      <th></th>\n",
       "      <th></th>\n",
       "      <th></th>\n",
       "      <th></th>\n",
       "      <th></th>\n",
       "      <th></th>\n",
       "      <th></th>\n",
       "    </tr>\n",
       "  </thead>\n",
       "  <tbody>\n",
       "    <tr>\n",
       "      <th>2018-01-02</th>\n",
       "      <td>41.188160</td>\n",
       "      <td>1189.010010</td>\n",
       "      <td>12.02</td>\n",
       "      <td>181.419998</td>\n",
       "      <td>1065.000000</td>\n",
       "      <td>42.406261</td>\n",
       "      <td>81.848297</td>\n",
       "      <td>49.386848</td>\n",
       "      <td>64.106003</td>\n",
       "      <td>36.381706</td>\n",
       "      <td>24.510000</td>\n",
       "    </tr>\n",
       "    <tr>\n",
       "      <th>2018-01-03</th>\n",
       "      <td>41.180992</td>\n",
       "      <td>1204.199951</td>\n",
       "      <td>13.53</td>\n",
       "      <td>184.669998</td>\n",
       "      <td>1082.479980</td>\n",
       "      <td>40.967072</td>\n",
       "      <td>82.229202</td>\n",
       "      <td>52.637196</td>\n",
       "      <td>63.450001</td>\n",
       "      <td>36.993683</td>\n",
       "      <td>24.450001</td>\n",
       "    </tr>\n",
       "    <tr>\n",
       "      <th>2018-01-04</th>\n",
       "      <td>41.372272</td>\n",
       "      <td>1209.589966</td>\n",
       "      <td>13.37</td>\n",
       "      <td>184.330002</td>\n",
       "      <td>1086.400024</td>\n",
       "      <td>40.215797</td>\n",
       "      <td>82.952934</td>\n",
       "      <td>52.914658</td>\n",
       "      <td>62.924000</td>\n",
       "      <td>36.798557</td>\n",
       "      <td>23.990000</td>\n",
       "    </tr>\n",
       "    <tr>\n",
       "      <th>2018-01-05</th>\n",
       "      <td>41.843315</td>\n",
       "      <td>1229.140015</td>\n",
       "      <td>13.83</td>\n",
       "      <td>186.850006</td>\n",
       "      <td>1102.229980</td>\n",
       "      <td>40.496399</td>\n",
       "      <td>83.981392</td>\n",
       "      <td>53.363071</td>\n",
       "      <td>63.316002</td>\n",
       "      <td>37.658882</td>\n",
       "      <td>24.320000</td>\n",
       "    </tr>\n",
       "    <tr>\n",
       "      <th>2018-01-08</th>\n",
       "      <td>41.687893</td>\n",
       "      <td>1246.869995</td>\n",
       "      <td>14.12</td>\n",
       "      <td>188.279999</td>\n",
       "      <td>1106.939941</td>\n",
       "      <td>40.496399</td>\n",
       "      <td>84.067108</td>\n",
       "      <td>54.998150</td>\n",
       "      <td>67.281998</td>\n",
       "      <td>37.641140</td>\n",
       "      <td>24.590000</td>\n",
       "    </tr>\n",
       "  </tbody>\n",
       "</table>\n",
       "</div>"
      ],
      "text/plain": [
       "                 AAPL         AMZN     BB          FB         GOOG       INTC  \\\n",
       "Date                                                                            \n",
       "2018-01-02  41.188160  1189.010010  12.02  181.419998  1065.000000  42.406261   \n",
       "2018-01-03  41.180992  1204.199951  13.53  184.669998  1082.479980  40.967072   \n",
       "2018-01-04  41.372272  1209.589966  13.37  184.330002  1086.400024  40.215797   \n",
       "2018-01-05  41.843315  1229.140015  13.83  186.850006  1102.229980  40.496399   \n",
       "2018-01-08  41.687893  1246.869995  14.12  188.279999  1106.939941  40.496399   \n",
       "\n",
       "                 MSFT       NVDA       TSLA        TSM       TWTR  \n",
       "Date                                                               \n",
       "2018-01-02  81.848297  49.386848  64.106003  36.381706  24.510000  \n",
       "2018-01-03  82.229202  52.637196  63.450001  36.993683  24.450001  \n",
       "2018-01-04  82.952934  52.914658  62.924000  36.798557  23.990000  \n",
       "2018-01-05  83.981392  53.363071  63.316002  37.658882  24.320000  \n",
       "2018-01-08  84.067108  54.998150  67.281998  37.641140  24.590000  "
      ]
     },
     "execution_count": 3,
     "metadata": {},
     "output_type": "execute_result"
    }
   ],
   "source": [
    "# Import Financial Data\n",
    "\n",
    "tickers = pd.read_csv(\"Tickers.csv\", index_col=False)\n",
    "\n",
    "start_date = \"2018-01-01\"\n",
    "end_date = \"2021-10-31\"\n",
    "\n",
    "tickers = [\n",
    "    \"MSFT\",\n",
    "    \"AAPL\",\n",
    "    \"TWTR\",\n",
    "    \"INTC\",\n",
    "    \"TSM\",\n",
    "    \"GOOG\",\n",
    "    \"AMZN\",\n",
    "    \"FB\",\n",
    "    \"NVDA\",\n",
    "    \"TSLA\",\n",
    "    \"BB\",\n",
    "]\n",
    "\n",
    "data = yf.download(tickers, start=start_date, end=end_date)\n",
    "\n",
    "closing_prices = data[\"Adj Close\"]\n",
    "\n",
    "closing_prices.head()"
   ]
  },
  {
   "cell_type": "markdown",
   "metadata": {},
   "source": [
    "To compare the price fluctuations, we will calculate the daily percent change in the price of each stock. This way, it makes the price fluctuations easier to compare, as the price of the stock itself becomes removed from the equation, and we only consider the magnitude of the price movements in comparison to the stock price.\n",
    "\n",
    "(Yuqian reword this better for me thanks)"
   ]
  },
  {
   "cell_type": "code",
   "execution_count": 5,
   "metadata": {
    "scrolled": true
   },
   "outputs": [
    {
     "data": {
      "text/html": [
       "<div>\n",
       "<style scoped>\n",
       "    .dataframe tbody tr th:only-of-type {\n",
       "        vertical-align: middle;\n",
       "    }\n",
       "\n",
       "    .dataframe tbody tr th {\n",
       "        vertical-align: top;\n",
       "    }\n",
       "\n",
       "    .dataframe thead th {\n",
       "        text-align: right;\n",
       "    }\n",
       "</style>\n",
       "<table border=\"1\" class=\"dataframe\">\n",
       "  <thead>\n",
       "    <tr style=\"text-align: right;\">\n",
       "      <th></th>\n",
       "      <th>AAPL</th>\n",
       "      <th>AMZN</th>\n",
       "      <th>BB</th>\n",
       "      <th>FB</th>\n",
       "      <th>GOOG</th>\n",
       "      <th>INTC</th>\n",
       "      <th>MSFT</th>\n",
       "      <th>NVDA</th>\n",
       "      <th>TSLA</th>\n",
       "      <th>TSM</th>\n",
       "      <th>TWTR</th>\n",
       "    </tr>\n",
       "    <tr>\n",
       "      <th>Date</th>\n",
       "      <th></th>\n",
       "      <th></th>\n",
       "      <th></th>\n",
       "      <th></th>\n",
       "      <th></th>\n",
       "      <th></th>\n",
       "      <th></th>\n",
       "      <th></th>\n",
       "      <th></th>\n",
       "      <th></th>\n",
       "      <th></th>\n",
       "    </tr>\n",
       "  </thead>\n",
       "  <tbody>\n",
       "    <tr>\n",
       "      <th>2018-01-02</th>\n",
       "      <td>NaN</td>\n",
       "      <td>NaN</td>\n",
       "      <td>NaN</td>\n",
       "      <td>NaN</td>\n",
       "      <td>NaN</td>\n",
       "      <td>NaN</td>\n",
       "      <td>NaN</td>\n",
       "      <td>NaN</td>\n",
       "      <td>NaN</td>\n",
       "      <td>NaN</td>\n",
       "      <td>NaN</td>\n",
       "    </tr>\n",
       "    <tr>\n",
       "      <th>2018-01-03</th>\n",
       "      <td>-0.000174</td>\n",
       "      <td>0.012694</td>\n",
       "      <td>0.118337</td>\n",
       "      <td>0.017756</td>\n",
       "      <td>0.016280</td>\n",
       "      <td>-0.034527</td>\n",
       "      <td>0.004643</td>\n",
       "      <td>0.063739</td>\n",
       "      <td>-0.010286</td>\n",
       "      <td>0.016681</td>\n",
       "      <td>-0.002451</td>\n",
       "    </tr>\n",
       "    <tr>\n",
       "      <th>2018-01-04</th>\n",
       "      <td>0.004634</td>\n",
       "      <td>0.004466</td>\n",
       "      <td>-0.011896</td>\n",
       "      <td>-0.001843</td>\n",
       "      <td>0.003615</td>\n",
       "      <td>-0.018509</td>\n",
       "      <td>0.008763</td>\n",
       "      <td>0.005257</td>\n",
       "      <td>-0.008325</td>\n",
       "      <td>-0.005289</td>\n",
       "      <td>-0.018993</td>\n",
       "    </tr>\n",
       "    <tr>\n",
       "      <th>2018-01-05</th>\n",
       "      <td>0.011321</td>\n",
       "      <td>0.016033</td>\n",
       "      <td>0.033827</td>\n",
       "      <td>0.013579</td>\n",
       "      <td>0.014466</td>\n",
       "      <td>0.006953</td>\n",
       "      <td>0.012322</td>\n",
       "      <td>0.008439</td>\n",
       "      <td>0.006210</td>\n",
       "      <td>0.023110</td>\n",
       "      <td>0.013662</td>\n",
       "    </tr>\n",
       "    <tr>\n",
       "      <th>2018-01-08</th>\n",
       "      <td>-0.003721</td>\n",
       "      <td>0.014322</td>\n",
       "      <td>0.020752</td>\n",
       "      <td>0.007624</td>\n",
       "      <td>0.004264</td>\n",
       "      <td>0.000000</td>\n",
       "      <td>0.001020</td>\n",
       "      <td>0.030181</td>\n",
       "      <td>0.060755</td>\n",
       "      <td>-0.000471</td>\n",
       "      <td>0.011041</td>\n",
       "    </tr>\n",
       "  </tbody>\n",
       "</table>\n",
       "</div>"
      ],
      "text/plain": [
       "                AAPL      AMZN        BB        FB      GOOG      INTC  \\\n",
       "Date                                                                     \n",
       "2018-01-02       NaN       NaN       NaN       NaN       NaN       NaN   \n",
       "2018-01-03 -0.000174  0.012694  0.118337  0.017756  0.016280 -0.034527   \n",
       "2018-01-04  0.004634  0.004466 -0.011896 -0.001843  0.003615 -0.018509   \n",
       "2018-01-05  0.011321  0.016033  0.033827  0.013579  0.014466  0.006953   \n",
       "2018-01-08 -0.003721  0.014322  0.020752  0.007624  0.004264  0.000000   \n",
       "\n",
       "                MSFT      NVDA      TSLA       TSM      TWTR  \n",
       "Date                                                          \n",
       "2018-01-02       NaN       NaN       NaN       NaN       NaN  \n",
       "2018-01-03  0.004643  0.063739 -0.010286  0.016681 -0.002451  \n",
       "2018-01-04  0.008763  0.005257 -0.008325 -0.005289 -0.018993  \n",
       "2018-01-05  0.012322  0.008439  0.006210  0.023110  0.013662  \n",
       "2018-01-08  0.001020  0.030181  0.060755 -0.000471  0.011041  "
      ]
     },
     "execution_count": 5,
     "metadata": {},
     "output_type": "execute_result"
    }
   ],
   "source": [
    "# Calculate percent change\n",
    "\n",
    "percent_change = closing_prices.pct_change().apply(lambda x: np.log(1+x))\n",
    "\n",
    "percent_change.head()"
   ]
  },
  {
   "cell_type": "markdown",
   "metadata": {},
   "source": [
    "We will now analyze the covariance of each stock in relation to one another. The covariance of two stocks is calculated using the following equation:\n",
    "\n",
    "[insert equation here]\n",
    "\n",
    "We will store the results of the covariance calculations in 'cov_matrix'."
   ]
  },
  {
   "cell_type": "code",
   "execution_count": 6,
   "metadata": {},
   "outputs": [
    {
     "data": {
      "text/html": [
       "<div>\n",
       "<style scoped>\n",
       "    .dataframe tbody tr th:only-of-type {\n",
       "        vertical-align: middle;\n",
       "    }\n",
       "\n",
       "    .dataframe tbody tr th {\n",
       "        vertical-align: top;\n",
       "    }\n",
       "\n",
       "    .dataframe thead th {\n",
       "        text-align: right;\n",
       "    }\n",
       "</style>\n",
       "<table border=\"1\" class=\"dataframe\">\n",
       "  <thead>\n",
       "    <tr style=\"text-align: right;\">\n",
       "      <th></th>\n",
       "      <th>AAPL</th>\n",
       "      <th>AMZN</th>\n",
       "      <th>BB</th>\n",
       "      <th>FB</th>\n",
       "      <th>GOOG</th>\n",
       "      <th>INTC</th>\n",
       "      <th>MSFT</th>\n",
       "      <th>NVDA</th>\n",
       "      <th>TSLA</th>\n",
       "      <th>TSM</th>\n",
       "      <th>TWTR</th>\n",
       "    </tr>\n",
       "  </thead>\n",
       "  <tbody>\n",
       "    <tr>\n",
       "      <th>AAPL</th>\n",
       "      <td>0.000437</td>\n",
       "      <td>0.000269</td>\n",
       "      <td>0.000321</td>\n",
       "      <td>0.000293</td>\n",
       "      <td>0.000263</td>\n",
       "      <td>0.000287</td>\n",
       "      <td>0.000302</td>\n",
       "      <td>0.000409</td>\n",
       "      <td>0.000365</td>\n",
       "      <td>0.000253</td>\n",
       "      <td>0.000324</td>\n",
       "    </tr>\n",
       "    <tr>\n",
       "      <th>AMZN</th>\n",
       "      <td>0.000269</td>\n",
       "      <td>0.000391</td>\n",
       "      <td>0.000239</td>\n",
       "      <td>0.000281</td>\n",
       "      <td>0.000246</td>\n",
       "      <td>0.000222</td>\n",
       "      <td>0.000270</td>\n",
       "      <td>0.000373</td>\n",
       "      <td>0.000319</td>\n",
       "      <td>0.000201</td>\n",
       "      <td>0.000286</td>\n",
       "    </tr>\n",
       "    <tr>\n",
       "      <th>BB</th>\n",
       "      <td>0.000321</td>\n",
       "      <td>0.000239</td>\n",
       "      <td>0.001966</td>\n",
       "      <td>0.000320</td>\n",
       "      <td>0.000261</td>\n",
       "      <td>0.000287</td>\n",
       "      <td>0.000274</td>\n",
       "      <td>0.000389</td>\n",
       "      <td>0.000393</td>\n",
       "      <td>0.000255</td>\n",
       "      <td>0.000330</td>\n",
       "    </tr>\n",
       "    <tr>\n",
       "      <th>FB</th>\n",
       "      <td>0.000293</td>\n",
       "      <td>0.000281</td>\n",
       "      <td>0.000320</td>\n",
       "      <td>0.000532</td>\n",
       "      <td>0.000293</td>\n",
       "      <td>0.000254</td>\n",
       "      <td>0.000281</td>\n",
       "      <td>0.000395</td>\n",
       "      <td>0.000316</td>\n",
       "      <td>0.000209</td>\n",
       "      <td>0.000394</td>\n",
       "    </tr>\n",
       "    <tr>\n",
       "      <th>GOOG</th>\n",
       "      <td>0.000263</td>\n",
       "      <td>0.000246</td>\n",
       "      <td>0.000261</td>\n",
       "      <td>0.000293</td>\n",
       "      <td>0.000345</td>\n",
       "      <td>0.000250</td>\n",
       "      <td>0.000279</td>\n",
       "      <td>0.000356</td>\n",
       "      <td>0.000289</td>\n",
       "      <td>0.000209</td>\n",
       "      <td>0.000309</td>\n",
       "    </tr>\n",
       "    <tr>\n",
       "      <th>INTC</th>\n",
       "      <td>0.000287</td>\n",
       "      <td>0.000222</td>\n",
       "      <td>0.000287</td>\n",
       "      <td>0.000254</td>\n",
       "      <td>0.000250</td>\n",
       "      <td>0.000593</td>\n",
       "      <td>0.000291</td>\n",
       "      <td>0.000426</td>\n",
       "      <td>0.000340</td>\n",
       "      <td>0.000273</td>\n",
       "      <td>0.000328</td>\n",
       "    </tr>\n",
       "    <tr>\n",
       "      <th>MSFT</th>\n",
       "      <td>0.000302</td>\n",
       "      <td>0.000270</td>\n",
       "      <td>0.000274</td>\n",
       "      <td>0.000281</td>\n",
       "      <td>0.000279</td>\n",
       "      <td>0.000291</td>\n",
       "      <td>0.000361</td>\n",
       "      <td>0.000406</td>\n",
       "      <td>0.000346</td>\n",
       "      <td>0.000235</td>\n",
       "      <td>0.000309</td>\n",
       "    </tr>\n",
       "    <tr>\n",
       "      <th>NVDA</th>\n",
       "      <td>0.000409</td>\n",
       "      <td>0.000373</td>\n",
       "      <td>0.000389</td>\n",
       "      <td>0.000395</td>\n",
       "      <td>0.000356</td>\n",
       "      <td>0.000426</td>\n",
       "      <td>0.000406</td>\n",
       "      <td>0.000925</td>\n",
       "      <td>0.000526</td>\n",
       "      <td>0.000405</td>\n",
       "      <td>0.000468</td>\n",
       "    </tr>\n",
       "    <tr>\n",
       "      <th>TSLA</th>\n",
       "      <td>0.000365</td>\n",
       "      <td>0.000319</td>\n",
       "      <td>0.000393</td>\n",
       "      <td>0.000316</td>\n",
       "      <td>0.000289</td>\n",
       "      <td>0.000340</td>\n",
       "      <td>0.000346</td>\n",
       "      <td>0.000526</td>\n",
       "      <td>0.001670</td>\n",
       "      <td>0.000324</td>\n",
       "      <td>0.000409</td>\n",
       "    </tr>\n",
       "    <tr>\n",
       "      <th>TSM</th>\n",
       "      <td>0.000253</td>\n",
       "      <td>0.000201</td>\n",
       "      <td>0.000255</td>\n",
       "      <td>0.000209</td>\n",
       "      <td>0.000209</td>\n",
       "      <td>0.000273</td>\n",
       "      <td>0.000235</td>\n",
       "      <td>0.000405</td>\n",
       "      <td>0.000324</td>\n",
       "      <td>0.000453</td>\n",
       "      <td>0.000252</td>\n",
       "    </tr>\n",
       "    <tr>\n",
       "      <th>TWTR</th>\n",
       "      <td>0.000324</td>\n",
       "      <td>0.000286</td>\n",
       "      <td>0.000330</td>\n",
       "      <td>0.000394</td>\n",
       "      <td>0.000309</td>\n",
       "      <td>0.000328</td>\n",
       "      <td>0.000309</td>\n",
       "      <td>0.000468</td>\n",
       "      <td>0.000409</td>\n",
       "      <td>0.000252</td>\n",
       "      <td>0.001138</td>\n",
       "    </tr>\n",
       "  </tbody>\n",
       "</table>\n",
       "</div>"
      ],
      "text/plain": [
       "          AAPL      AMZN        BB        FB      GOOG      INTC      MSFT  \\\n",
       "AAPL  0.000437  0.000269  0.000321  0.000293  0.000263  0.000287  0.000302   \n",
       "AMZN  0.000269  0.000391  0.000239  0.000281  0.000246  0.000222  0.000270   \n",
       "BB    0.000321  0.000239  0.001966  0.000320  0.000261  0.000287  0.000274   \n",
       "FB    0.000293  0.000281  0.000320  0.000532  0.000293  0.000254  0.000281   \n",
       "GOOG  0.000263  0.000246  0.000261  0.000293  0.000345  0.000250  0.000279   \n",
       "INTC  0.000287  0.000222  0.000287  0.000254  0.000250  0.000593  0.000291   \n",
       "MSFT  0.000302  0.000270  0.000274  0.000281  0.000279  0.000291  0.000361   \n",
       "NVDA  0.000409  0.000373  0.000389  0.000395  0.000356  0.000426  0.000406   \n",
       "TSLA  0.000365  0.000319  0.000393  0.000316  0.000289  0.000340  0.000346   \n",
       "TSM   0.000253  0.000201  0.000255  0.000209  0.000209  0.000273  0.000235   \n",
       "TWTR  0.000324  0.000286  0.000330  0.000394  0.000309  0.000328  0.000309   \n",
       "\n",
       "          NVDA      TSLA       TSM      TWTR  \n",
       "AAPL  0.000409  0.000365  0.000253  0.000324  \n",
       "AMZN  0.000373  0.000319  0.000201  0.000286  \n",
       "BB    0.000389  0.000393  0.000255  0.000330  \n",
       "FB    0.000395  0.000316  0.000209  0.000394  \n",
       "GOOG  0.000356  0.000289  0.000209  0.000309  \n",
       "INTC  0.000426  0.000340  0.000273  0.000328  \n",
       "MSFT  0.000406  0.000346  0.000235  0.000309  \n",
       "NVDA  0.000925  0.000526  0.000405  0.000468  \n",
       "TSLA  0.000526  0.001670  0.000324  0.000409  \n",
       "TSM   0.000405  0.000324  0.000453  0.000252  \n",
       "TWTR  0.000468  0.000409  0.000252  0.001138  "
      ]
     },
     "execution_count": 6,
     "metadata": {},
     "output_type": "execute_result"
    }
   ],
   "source": [
    "cov_matrix = percent_change.cov()\n",
    "\n",
    "cov_matrix"
   ]
  },
  {
   "cell_type": "markdown",
   "metadata": {},
   "source": [
    "We will now analyze the correlation of each stock in relation to one another. To do this, we will use a correlation matrix.\n",
    "\n",
    "The correlation of two stocks is calculated using the following equation:\n",
    "\n",
    "[insert equation here]\n",
    "\n",
    "Note that each stock has a correlation of 1 with itself, a perfect positive correlation.\n",
    "\n",
    "We will store the results of the correlation calculations in 'corr_matrix'."
   ]
  },
  {
   "cell_type": "code",
   "execution_count": 7,
   "metadata": {
    "scrolled": true
   },
   "outputs": [
    {
     "data": {
      "text/html": [
       "<div>\n",
       "<style scoped>\n",
       "    .dataframe tbody tr th:only-of-type {\n",
       "        vertical-align: middle;\n",
       "    }\n",
       "\n",
       "    .dataframe tbody tr th {\n",
       "        vertical-align: top;\n",
       "    }\n",
       "\n",
       "    .dataframe thead th {\n",
       "        text-align: right;\n",
       "    }\n",
       "</style>\n",
       "<table border=\"1\" class=\"dataframe\">\n",
       "  <thead>\n",
       "    <tr style=\"text-align: right;\">\n",
       "      <th></th>\n",
       "      <th>AAPL</th>\n",
       "      <th>AMZN</th>\n",
       "      <th>BB</th>\n",
       "      <th>FB</th>\n",
       "      <th>GOOG</th>\n",
       "      <th>INTC</th>\n",
       "      <th>MSFT</th>\n",
       "      <th>NVDA</th>\n",
       "      <th>TSLA</th>\n",
       "      <th>TSM</th>\n",
       "      <th>TWTR</th>\n",
       "    </tr>\n",
       "  </thead>\n",
       "  <tbody>\n",
       "    <tr>\n",
       "      <th>AAPL</th>\n",
       "      <td>1.000000</td>\n",
       "      <td>0.650743</td>\n",
       "      <td>0.346371</td>\n",
       "      <td>0.607171</td>\n",
       "      <td>0.678099</td>\n",
       "      <td>0.564265</td>\n",
       "      <td>0.760841</td>\n",
       "      <td>0.642725</td>\n",
       "      <td>0.427233</td>\n",
       "      <td>0.568665</td>\n",
       "      <td>0.459454</td>\n",
       "    </tr>\n",
       "    <tr>\n",
       "      <th>AMZN</th>\n",
       "      <td>0.650743</td>\n",
       "      <td>1.000000</td>\n",
       "      <td>0.272672</td>\n",
       "      <td>0.615939</td>\n",
       "      <td>0.670549</td>\n",
       "      <td>0.461625</td>\n",
       "      <td>0.717986</td>\n",
       "      <td>0.620040</td>\n",
       "      <td>0.394249</td>\n",
       "      <td>0.478222</td>\n",
       "      <td>0.429286</td>\n",
       "    </tr>\n",
       "    <tr>\n",
       "      <th>BB</th>\n",
       "      <td>0.346371</td>\n",
       "      <td>0.272672</td>\n",
       "      <td>1.000000</td>\n",
       "      <td>0.312906</td>\n",
       "      <td>0.316541</td>\n",
       "      <td>0.265822</td>\n",
       "      <td>0.324881</td>\n",
       "      <td>0.288105</td>\n",
       "      <td>0.216904</td>\n",
       "      <td>0.270459</td>\n",
       "      <td>0.220331</td>\n",
       "    </tr>\n",
       "    <tr>\n",
       "      <th>FB</th>\n",
       "      <td>0.607171</td>\n",
       "      <td>0.615939</td>\n",
       "      <td>0.312906</td>\n",
       "      <td>1.000000</td>\n",
       "      <td>0.683675</td>\n",
       "      <td>0.452693</td>\n",
       "      <td>0.640478</td>\n",
       "      <td>0.562783</td>\n",
       "      <td>0.335484</td>\n",
       "      <td>0.425825</td>\n",
       "      <td>0.506402</td>\n",
       "    </tr>\n",
       "    <tr>\n",
       "      <th>GOOG</th>\n",
       "      <td>0.678099</td>\n",
       "      <td>0.670549</td>\n",
       "      <td>0.316541</td>\n",
       "      <td>0.683675</td>\n",
       "      <td>1.000000</td>\n",
       "      <td>0.551392</td>\n",
       "      <td>0.791742</td>\n",
       "      <td>0.630835</td>\n",
       "      <td>0.380510</td>\n",
       "      <td>0.527938</td>\n",
       "      <td>0.493828</td>\n",
       "    </tr>\n",
       "    <tr>\n",
       "      <th>INTC</th>\n",
       "      <td>0.564265</td>\n",
       "      <td>0.461625</td>\n",
       "      <td>0.265822</td>\n",
       "      <td>0.452693</td>\n",
       "      <td>0.551392</td>\n",
       "      <td>1.000000</td>\n",
       "      <td>0.628606</td>\n",
       "      <td>0.574492</td>\n",
       "      <td>0.341996</td>\n",
       "      <td>0.527175</td>\n",
       "      <td>0.398724</td>\n",
       "    </tr>\n",
       "    <tr>\n",
       "      <th>MSFT</th>\n",
       "      <td>0.760841</td>\n",
       "      <td>0.717986</td>\n",
       "      <td>0.324881</td>\n",
       "      <td>0.640478</td>\n",
       "      <td>0.791742</td>\n",
       "      <td>0.628606</td>\n",
       "      <td>1.000000</td>\n",
       "      <td>0.703592</td>\n",
       "      <td>0.445289</td>\n",
       "      <td>0.582612</td>\n",
       "      <td>0.481585</td>\n",
       "    </tr>\n",
       "    <tr>\n",
       "      <th>NVDA</th>\n",
       "      <td>0.642725</td>\n",
       "      <td>0.620040</td>\n",
       "      <td>0.288105</td>\n",
       "      <td>0.562783</td>\n",
       "      <td>0.630835</td>\n",
       "      <td>0.574492</td>\n",
       "      <td>0.703592</td>\n",
       "      <td>1.000000</td>\n",
       "      <td>0.422796</td>\n",
       "      <td>0.625859</td>\n",
       "      <td>0.456286</td>\n",
       "    </tr>\n",
       "    <tr>\n",
       "      <th>TSLA</th>\n",
       "      <td>0.427233</td>\n",
       "      <td>0.394249</td>\n",
       "      <td>0.216904</td>\n",
       "      <td>0.335484</td>\n",
       "      <td>0.380510</td>\n",
       "      <td>0.341996</td>\n",
       "      <td>0.445289</td>\n",
       "      <td>0.422796</td>\n",
       "      <td>1.000000</td>\n",
       "      <td>0.372692</td>\n",
       "      <td>0.296944</td>\n",
       "    </tr>\n",
       "    <tr>\n",
       "      <th>TSM</th>\n",
       "      <td>0.568665</td>\n",
       "      <td>0.478222</td>\n",
       "      <td>0.270459</td>\n",
       "      <td>0.425825</td>\n",
       "      <td>0.527938</td>\n",
       "      <td>0.527175</td>\n",
       "      <td>0.582612</td>\n",
       "      <td>0.625859</td>\n",
       "      <td>0.372692</td>\n",
       "      <td>1.000000</td>\n",
       "      <td>0.350705</td>\n",
       "    </tr>\n",
       "    <tr>\n",
       "      <th>TWTR</th>\n",
       "      <td>0.459454</td>\n",
       "      <td>0.429286</td>\n",
       "      <td>0.220331</td>\n",
       "      <td>0.506402</td>\n",
       "      <td>0.493828</td>\n",
       "      <td>0.398724</td>\n",
       "      <td>0.481585</td>\n",
       "      <td>0.456286</td>\n",
       "      <td>0.296944</td>\n",
       "      <td>0.350705</td>\n",
       "      <td>1.000000</td>\n",
       "    </tr>\n",
       "  </tbody>\n",
       "</table>\n",
       "</div>"
      ],
      "text/plain": [
       "          AAPL      AMZN        BB        FB      GOOG      INTC      MSFT  \\\n",
       "AAPL  1.000000  0.650743  0.346371  0.607171  0.678099  0.564265  0.760841   \n",
       "AMZN  0.650743  1.000000  0.272672  0.615939  0.670549  0.461625  0.717986   \n",
       "BB    0.346371  0.272672  1.000000  0.312906  0.316541  0.265822  0.324881   \n",
       "FB    0.607171  0.615939  0.312906  1.000000  0.683675  0.452693  0.640478   \n",
       "GOOG  0.678099  0.670549  0.316541  0.683675  1.000000  0.551392  0.791742   \n",
       "INTC  0.564265  0.461625  0.265822  0.452693  0.551392  1.000000  0.628606   \n",
       "MSFT  0.760841  0.717986  0.324881  0.640478  0.791742  0.628606  1.000000   \n",
       "NVDA  0.642725  0.620040  0.288105  0.562783  0.630835  0.574492  0.703592   \n",
       "TSLA  0.427233  0.394249  0.216904  0.335484  0.380510  0.341996  0.445289   \n",
       "TSM   0.568665  0.478222  0.270459  0.425825  0.527938  0.527175  0.582612   \n",
       "TWTR  0.459454  0.429286  0.220331  0.506402  0.493828  0.398724  0.481585   \n",
       "\n",
       "          NVDA      TSLA       TSM      TWTR  \n",
       "AAPL  0.642725  0.427233  0.568665  0.459454  \n",
       "AMZN  0.620040  0.394249  0.478222  0.429286  \n",
       "BB    0.288105  0.216904  0.270459  0.220331  \n",
       "FB    0.562783  0.335484  0.425825  0.506402  \n",
       "GOOG  0.630835  0.380510  0.527938  0.493828  \n",
       "INTC  0.574492  0.341996  0.527175  0.398724  \n",
       "MSFT  0.703592  0.445289  0.582612  0.481585  \n",
       "NVDA  1.000000  0.422796  0.625859  0.456286  \n",
       "TSLA  0.422796  1.000000  0.372692  0.296944  \n",
       "TSM   0.625859  0.372692  1.000000  0.350705  \n",
       "TWTR  0.456286  0.296944  0.350705  1.000000  "
      ]
     },
     "execution_count": 7,
     "metadata": {},
     "output_type": "execute_result"
    }
   ],
   "source": [
    "corr_matrix = percent_change.corr()\n",
    "\n",
    "corr_matrix"
   ]
  },
  {
   "cell_type": "code",
   "execution_count": 8,
   "metadata": {},
   "outputs": [],
   "source": [
    "# WIP"
   ]
  },
  {
   "cell_type": "markdown",
   "metadata": {},
   "source": [
    "## Contribution Declaration\n",
    "\n",
    "The following team members made a meaningful contribution to this assignment:\n",
    "\n",
    "Derek, Yuqian, Jeff"
   ]
  }
 ],
 "metadata": {
  "interpreter": {
   "hash": "4e28298bb47a08697a860182f4406c1126f813946b24568f02bad9bcf7ea902f"
  },
  "kernelspec": {
   "display_name": "Python 3",
   "language": "python",
   "name": "python3"
  },
  "language_info": {
   "codemirror_mode": {
    "name": "ipython",
    "version": 3
   },
   "file_extension": ".py",
   "mimetype": "text/x-python",
   "name": "python",
   "nbconvert_exporter": "python",
   "pygments_lexer": "ipython3",
   "version": "3.8.8"
  }
 },
 "nbformat": 4,
 "nbformat_minor": 2
}
