{
 "cells": [
  {
   "cell_type": "markdown",
   "metadata": {},
   "source": [
    "### Group Assignment\n",
    "### Team Number: 3\n",
    "### Team Member Names: Derek Tan, Jeff Peng, Yuqian Lin\n",
    "### Team Strategy Chosen: SAFE"
   ]
  },
  {
   "cell_type": "markdown",
   "metadata": {},
   "source": [
    "### Abstract\n",
    "\n",
    "Our portfolio optimization strategy involves the use and implementation of the Modern Portfolio Theory (MPT) and analysis of the Efficient Frontier graphs. The objective of the portfolio optimization strategy is to maximize the portfolio return while maintaining the minimum portfolio risk. \n",
    "\n",
    "Modern Portfolio Theory states that since it is assumed that all investors are risk-adverse, when considering the possible portfolio allocation strategies, the investor will prefer the portfolio that maximizes the possible return while maintaining a given amount of risk. \n",
    "\n",
    "The Efficient Frontier (EF), the core of our strategy, was introduced by Nobel Laureate Harry Markowitz and is fundamental to MPT. The EP is a graph that illustrates all possible portfolios portfolio allocation distributions. The x-axis represents the volatility/risk of the portfolio, while the y-axis represents the expected return of the portfolio.\n",
    "\n",
    "The Efficient Frontier shows the optimized portfolios that offer the highest expected return for a given level of risk and the lowest level of risk for a given level of expected return.\n",
    "\n",
    "An example of the an Efficient Frontier graph is shown below:\n",
    "\n",
    "![EF Graph](ef.png)\n",
    "\n",
    "As seen from the graph, the light blue dot is the portfolio that takes on the highest level of risk coupled with the highest degree of return. Conversely, the left-most purple dot depicts the portfolio that with the lowest level of risk and lowest given level of return. Typically, risk-seeking investors will select portfolios that lie on the right end as they yield a higher return for a high level of risk. In our group's case, we chose the \"safe\" strategy, and thus will be selecting the portfolio on the left-end of the graph as it yields a lower return for a lower level of risk.\n",
    "\n",
    "We will be discussing more about how we graphed each portfolio along the EF graph below."
   ]
  },
  {
   "cell_type": "code",
   "execution_count": 2,
   "metadata": {},
   "outputs": [],
   "source": [
    "from IPython.display import display, Math, Latex\n",
    "from datetime import datetime\n",
    "\n",
    "import pandas as pd\n",
    "import numpy as np\n",
    "import numpy_financial as npf\n",
    "import yfinance as yf\n",
    "import matplotlib.pyplot as plt"
   ]
  },
  {
   "cell_type": "markdown",
   "metadata": {},
   "source": [
    "Before implementing our strategy, we have to filter out any invalid stock tickers. That is, any tickers that are not traded in USD and tickers with an average daily volume of less than 10000 shares."
   ]
  },
  {
   "cell_type": "code",
   "execution_count": 9,
   "metadata": {},
   "outputs": [],
   "source": [
    "# Filters out invalid tickers\n",
    "def filter_tickers (list_of_tickers):\n",
    "    valid_tickers = []\n",
    "    start_date = \"2021-07-02\"\n",
    "    end_date = \"2021-10-22\"\n",
    "    \n",
    "    for i in range (len(list_of_tickers)):\n",
    "        ticker = yf.Ticker(list_of_tickers[i])\n",
    "        ticker_hist = ticker.history(start=start_date, end=end_date)\n",
    "#         if a ticker has an average daily volume of above 10 000 shares and is traded in USD, then it is valid\n",
    "        if ticker_hist['Volume'].mean() >= 10000 and ticker.info['currency'] == 'USD': \n",
    "            valid_tickers.append(list_of_tickers[i])\n",
    "            \n",
    "    return valid_tickers"
   ]
  },
  {
   "cell_type": "code",
   "execution_count": 4,
   "metadata": {
    "scrolled": false
   },
   "outputs": [
    {
     "name": "stdout",
     "output_type": "stream",
     "text": [
      "[*********************100%***********************]  10 of 10 completed\n"
     ]
    },
    {
     "data": {
      "text/html": [
       "<div>\n",
       "<style scoped>\n",
       "    .dataframe tbody tr th:only-of-type {\n",
       "        vertical-align: middle;\n",
       "    }\n",
       "\n",
       "    .dataframe tbody tr th {\n",
       "        vertical-align: top;\n",
       "    }\n",
       "\n",
       "    .dataframe thead th {\n",
       "        text-align: right;\n",
       "    }\n",
       "</style>\n",
       "<table border=\"1\" class=\"dataframe\">\n",
       "  <thead>\n",
       "    <tr style=\"text-align: right;\">\n",
       "      <th></th>\n",
       "      <th>BK</th>\n",
       "      <th>CL</th>\n",
       "      <th>COF</th>\n",
       "      <th>COP</th>\n",
       "      <th>CSCO</th>\n",
       "      <th>GOOG</th>\n",
       "      <th>LLY</th>\n",
       "      <th>MRK</th>\n",
       "      <th>PFE</th>\n",
       "      <th>TGT</th>\n",
       "    </tr>\n",
       "    <tr>\n",
       "      <th>Date</th>\n",
       "      <th></th>\n",
       "      <th></th>\n",
       "      <th></th>\n",
       "      <th></th>\n",
       "      <th></th>\n",
       "      <th></th>\n",
       "      <th></th>\n",
       "      <th></th>\n",
       "      <th></th>\n",
       "      <th></th>\n",
       "    </tr>\n",
       "  </thead>\n",
       "  <tbody>\n",
       "    <tr>\n",
       "      <th>2018-01-02</th>\n",
       "      <td>48.540565</td>\n",
       "      <td>68.314133</td>\n",
       "      <td>93.266159</td>\n",
       "      <td>49.569435</td>\n",
       "      <td>34.448792</td>\n",
       "      <td>1065.000000</td>\n",
       "      <td>78.010109</td>\n",
       "      <td>47.838718</td>\n",
       "      <td>29.758003</td>\n",
       "      <td>61.324650</td>\n",
       "    </tr>\n",
       "    <tr>\n",
       "      <th>2018-01-03</th>\n",
       "      <td>48.838207</td>\n",
       "      <td>68.050484</td>\n",
       "      <td>93.106987</td>\n",
       "      <td>50.483406</td>\n",
       "      <td>34.723595</td>\n",
       "      <td>1082.479980</td>\n",
       "      <td>78.433884</td>\n",
       "      <td>47.770645</td>\n",
       "      <td>29.978497</td>\n",
       "      <td>60.907543</td>\n",
       "    </tr>\n",
       "    <tr>\n",
       "      <th>2018-01-04</th>\n",
       "      <td>49.325222</td>\n",
       "      <td>68.486870</td>\n",
       "      <td>94.960869</td>\n",
       "      <td>51.065842</td>\n",
       "      <td>34.821850</td>\n",
       "      <td>1086.400024</td>\n",
       "      <td>78.783951</td>\n",
       "      <td>48.544987</td>\n",
       "      <td>30.043823</td>\n",
       "      <td>59.710606</td>\n",
       "    </tr>\n",
       "    <tr>\n",
       "      <th>2018-01-05</th>\n",
       "      <td>49.451492</td>\n",
       "      <td>68.568687</td>\n",
       "      <td>94.970230</td>\n",
       "      <td>50.967274</td>\n",
       "      <td>35.304111</td>\n",
       "      <td>1102.229980</td>\n",
       "      <td>79.751259</td>\n",
       "      <td>48.493927</td>\n",
       "      <td>30.100992</td>\n",
       "      <td>60.345348</td>\n",
       "    </tr>\n",
       "    <tr>\n",
       "      <th>2018-01-08</th>\n",
       "      <td>49.658936</td>\n",
       "      <td>68.668694</td>\n",
       "      <td>94.380363</td>\n",
       "      <td>51.486984</td>\n",
       "      <td>35.670280</td>\n",
       "      <td>1106.939941</td>\n",
       "      <td>79.345909</td>\n",
       "      <td>48.213123</td>\n",
       "      <td>29.766171</td>\n",
       "      <td>60.916599</td>\n",
       "    </tr>\n",
       "  </tbody>\n",
       "</table>\n",
       "</div>"
      ],
      "text/plain": [
       "                   BK         CL        COF        COP       CSCO  \\\n",
       "Date                                                                \n",
       "2018-01-02  48.540565  68.314133  93.266159  49.569435  34.448792   \n",
       "2018-01-03  48.838207  68.050484  93.106987  50.483406  34.723595   \n",
       "2018-01-04  49.325222  68.486870  94.960869  51.065842  34.821850   \n",
       "2018-01-05  49.451492  68.568687  94.970230  50.967274  35.304111   \n",
       "2018-01-08  49.658936  68.668694  94.380363  51.486984  35.670280   \n",
       "\n",
       "                   GOOG        LLY        MRK        PFE        TGT  \n",
       "Date                                                                 \n",
       "2018-01-02  1065.000000  78.010109  47.838718  29.758003  61.324650  \n",
       "2018-01-03  1082.479980  78.433884  47.770645  29.978497  60.907543  \n",
       "2018-01-04  1086.400024  78.783951  48.544987  30.043823  59.710606  \n",
       "2018-01-05  1102.229980  79.751259  48.493927  30.100992  60.345348  \n",
       "2018-01-08  1106.939941  79.345909  48.213123  29.766171  60.916599  "
      ]
     },
     "execution_count": 4,
     "metadata": {},
     "output_type": "execute_result"
    }
   ],
   "source": [
    "# Import Financial Data\n",
    "\n",
    "tickers = pd.read_csv(\"Tickers.csv\", index_col=False)\n",
    "\n",
    "start_date = \"2018-01-01\"\n",
    "end_date = \"2021-10-31\"\n",
    "\n",
    "tickers = [\"CSCO\", \"TGT\", \"BK\", \"MRK\", \"PFE\", \"COP\", \"LLY\", \"CL\", \"GOOG\", \"COF\"]\n",
    "\n",
    "data = yf.download(tickers, start=start_date, end=end_date)\n",
    "\n",
    "closing_prices = data[\"Adj Close\"]\n",
    "\n",
    "closing_prices.head()"
   ]
  },
  {
   "cell_type": "markdown",
   "metadata": {},
   "source": [
    "To compare price fluctuations, we will calculate the daily percentage change in the price of each stock. By calculating percent change, it makes it easier to compare price fluctuations between stocks as their price changes will all be with respect to the same ratio, that is a percentage.\n",
    "\n",
    "**The stuff in red is what Derek wrote. We can keep it for now and see what to get rid of later**\n",
    "\n",
    "<span style = \"color: red\">To compare the price fluctuations, we will calculate the daily percent change in the price of each stock. This way, it makes the price fluctuations easier to compare, as the price of the stock itself becomes removed from the equation, and we only consider the magnitude of the price movements in comparison to the stock price.* </span>"
   ]
  },
  {
   "cell_type": "code",
   "execution_count": 4,
   "metadata": {
    "scrolled": false
   },
   "outputs": [
    {
     "data": {
      "text/html": [
       "<div>\n",
       "<style scoped>\n",
       "    .dataframe tbody tr th:only-of-type {\n",
       "        vertical-align: middle;\n",
       "    }\n",
       "\n",
       "    .dataframe tbody tr th {\n",
       "        vertical-align: top;\n",
       "    }\n",
       "\n",
       "    .dataframe thead th {\n",
       "        text-align: right;\n",
       "    }\n",
       "</style>\n",
       "<table border=\"1\" class=\"dataframe\">\n",
       "  <thead>\n",
       "    <tr style=\"text-align: right;\">\n",
       "      <th></th>\n",
       "      <th>BK</th>\n",
       "      <th>CL</th>\n",
       "      <th>COF</th>\n",
       "      <th>COP</th>\n",
       "      <th>CSCO</th>\n",
       "      <th>GOOG</th>\n",
       "      <th>LLY</th>\n",
       "      <th>MRK</th>\n",
       "      <th>PFE</th>\n",
       "      <th>TGT</th>\n",
       "    </tr>\n",
       "    <tr>\n",
       "      <th>Date</th>\n",
       "      <th></th>\n",
       "      <th></th>\n",
       "      <th></th>\n",
       "      <th></th>\n",
       "      <th></th>\n",
       "      <th></th>\n",
       "      <th></th>\n",
       "      <th></th>\n",
       "      <th></th>\n",
       "      <th></th>\n",
       "    </tr>\n",
       "  </thead>\n",
       "  <tbody>\n",
       "    <tr>\n",
       "      <th>2018-01-02</th>\n",
       "      <td>NaN</td>\n",
       "      <td>NaN</td>\n",
       "      <td>NaN</td>\n",
       "      <td>NaN</td>\n",
       "      <td>NaN</td>\n",
       "      <td>NaN</td>\n",
       "      <td>NaN</td>\n",
       "      <td>NaN</td>\n",
       "      <td>NaN</td>\n",
       "      <td>NaN</td>\n",
       "    </tr>\n",
       "    <tr>\n",
       "      <th>2018-01-03</th>\n",
       "      <td>0.006113</td>\n",
       "      <td>-0.003867</td>\n",
       "      <td>-0.001708</td>\n",
       "      <td>0.018270</td>\n",
       "      <td>0.007945</td>\n",
       "      <td>0.016280</td>\n",
       "      <td>0.005417</td>\n",
       "      <td>-0.001424</td>\n",
       "      <td>0.007382</td>\n",
       "      <td>-0.006825</td>\n",
       "    </tr>\n",
       "    <tr>\n",
       "      <th>2018-01-04</th>\n",
       "      <td>0.009923</td>\n",
       "      <td>0.006392</td>\n",
       "      <td>0.019716</td>\n",
       "      <td>0.011471</td>\n",
       "      <td>0.002825</td>\n",
       "      <td>0.003615</td>\n",
       "      <td>0.004453</td>\n",
       "      <td>0.016080</td>\n",
       "      <td>0.002177</td>\n",
       "      <td>-0.019847</td>\n",
       "    </tr>\n",
       "    <tr>\n",
       "      <th>2018-01-05</th>\n",
       "      <td>0.002557</td>\n",
       "      <td>0.001194</td>\n",
       "      <td>0.000098</td>\n",
       "      <td>-0.001932</td>\n",
       "      <td>0.013755</td>\n",
       "      <td>0.014466</td>\n",
       "      <td>0.012203</td>\n",
       "      <td>-0.001052</td>\n",
       "      <td>0.001901</td>\n",
       "      <td>0.010574</td>\n",
       "    </tr>\n",
       "    <tr>\n",
       "      <th>2018-01-08</th>\n",
       "      <td>0.004186</td>\n",
       "      <td>0.001458</td>\n",
       "      <td>-0.006230</td>\n",
       "      <td>0.010145</td>\n",
       "      <td>0.010319</td>\n",
       "      <td>0.004264</td>\n",
       "      <td>-0.005095</td>\n",
       "      <td>-0.005807</td>\n",
       "      <td>-0.011185</td>\n",
       "      <td>0.009422</td>\n",
       "    </tr>\n",
       "  </tbody>\n",
       "</table>\n",
       "</div>"
      ],
      "text/plain": [
       "                  BK        CL       COF       COP      CSCO      GOOG  \\\n",
       "Date                                                                     \n",
       "2018-01-02       NaN       NaN       NaN       NaN       NaN       NaN   \n",
       "2018-01-03  0.006113 -0.003867 -0.001708  0.018270  0.007945  0.016280   \n",
       "2018-01-04  0.009923  0.006392  0.019716  0.011471  0.002825  0.003615   \n",
       "2018-01-05  0.002557  0.001194  0.000098 -0.001932  0.013755  0.014466   \n",
       "2018-01-08  0.004186  0.001458 -0.006230  0.010145  0.010319  0.004264   \n",
       "\n",
       "                 LLY       MRK       PFE       TGT  \n",
       "Date                                                \n",
       "2018-01-02       NaN       NaN       NaN       NaN  \n",
       "2018-01-03  0.005417 -0.001424  0.007382 -0.006825  \n",
       "2018-01-04  0.004453  0.016080  0.002177 -0.019847  \n",
       "2018-01-05  0.012203 -0.001052  0.001901  0.010574  \n",
       "2018-01-08 -0.005095 -0.005807 -0.011185  0.009422  "
      ]
     },
     "execution_count": 4,
     "metadata": {},
     "output_type": "execute_result"
    }
   ],
   "source": [
    "# Calculate percent change\n",
    "\n",
    "percent_change = closing_prices.pct_change().apply(lambda x: np.log(1+x))\n",
    "\n",
    "percent_change.head()"
   ]
  },
  {
   "cell_type": "markdown",
   "metadata": {},
   "source": [
    "### Constructing the Efficient Frontier Graph\n",
    "To construct an Efficient Frontier Graph, we require three factors:\n",
    "- Covariance of the securities in the portfolio\n",
    "- Standard deviation also known as risk\n",
    "- The expected return of the portfolio\n",
    "\n",
    "Below, we will be calculating all these three factors."
   ]
  },
  {
   "cell_type": "markdown",
   "metadata": {},
   "source": [
    "#### Covariance\n",
    "\n",
    "We will now analyze the covariance of each stock in relation to one another. The covariance of two stocks (stock X, stock Y) is calculated using the following equation:\n",
    "\n",
    "\\begin{align*}\n",
    "COV(X,Y)=\\frac{\\sum(x_i-\\overline{X})\\times(y_i-\\overline{Y})}{N}\n",
    "\\end{align*}\n",
    "\n",
    "We will store the results of the covariance calculations in 'cov_matrix'."
   ]
  },
  {
   "cell_type": "code",
   "execution_count": 5,
   "metadata": {},
   "outputs": [
    {
     "data": {
      "text/html": [
       "<div>\n",
       "<style scoped>\n",
       "    .dataframe tbody tr th:only-of-type {\n",
       "        vertical-align: middle;\n",
       "    }\n",
       "\n",
       "    .dataframe tbody tr th {\n",
       "        vertical-align: top;\n",
       "    }\n",
       "\n",
       "    .dataframe thead th {\n",
       "        text-align: right;\n",
       "    }\n",
       "</style>\n",
       "<table border=\"1\" class=\"dataframe\">\n",
       "  <thead>\n",
       "    <tr style=\"text-align: right;\">\n",
       "      <th></th>\n",
       "      <th>BK</th>\n",
       "      <th>CL</th>\n",
       "      <th>COF</th>\n",
       "      <th>COP</th>\n",
       "      <th>CSCO</th>\n",
       "      <th>GOOG</th>\n",
       "      <th>LLY</th>\n",
       "      <th>MRK</th>\n",
       "      <th>PFE</th>\n",
       "      <th>TGT</th>\n",
       "    </tr>\n",
       "  </thead>\n",
       "  <tbody>\n",
       "    <tr>\n",
       "      <th>BK</th>\n",
       "      <td>0.000417</td>\n",
       "      <td>0.000095</td>\n",
       "      <td>0.000404</td>\n",
       "      <td>0.000355</td>\n",
       "      <td>0.000200</td>\n",
       "      <td>0.000171</td>\n",
       "      <td>0.000116</td>\n",
       "      <td>0.000127</td>\n",
       "      <td>0.000138</td>\n",
       "      <td>0.000133</td>\n",
       "    </tr>\n",
       "    <tr>\n",
       "      <th>CL</th>\n",
       "      <td>0.000095</td>\n",
       "      <td>0.000193</td>\n",
       "      <td>0.000122</td>\n",
       "      <td>0.000104</td>\n",
       "      <td>0.000119</td>\n",
       "      <td>0.000104</td>\n",
       "      <td>0.000110</td>\n",
       "      <td>0.000100</td>\n",
       "      <td>0.000095</td>\n",
       "      <td>0.000096</td>\n",
       "    </tr>\n",
       "    <tr>\n",
       "      <th>COF</th>\n",
       "      <td>0.000404</td>\n",
       "      <td>0.000122</td>\n",
       "      <td>0.000764</td>\n",
       "      <td>0.000514</td>\n",
       "      <td>0.000259</td>\n",
       "      <td>0.000241</td>\n",
       "      <td>0.000127</td>\n",
       "      <td>0.000157</td>\n",
       "      <td>0.000168</td>\n",
       "      <td>0.000174</td>\n",
       "    </tr>\n",
       "    <tr>\n",
       "      <th>COP</th>\n",
       "      <td>0.000355</td>\n",
       "      <td>0.000104</td>\n",
       "      <td>0.000514</td>\n",
       "      <td>0.000840</td>\n",
       "      <td>0.000255</td>\n",
       "      <td>0.000238</td>\n",
       "      <td>0.000149</td>\n",
       "      <td>0.000151</td>\n",
       "      <td>0.000148</td>\n",
       "      <td>0.000152</td>\n",
       "    </tr>\n",
       "    <tr>\n",
       "      <th>CSCO</th>\n",
       "      <td>0.000200</td>\n",
       "      <td>0.000119</td>\n",
       "      <td>0.000259</td>\n",
       "      <td>0.000255</td>\n",
       "      <td>0.000345</td>\n",
       "      <td>0.000206</td>\n",
       "      <td>0.000155</td>\n",
       "      <td>0.000134</td>\n",
       "      <td>0.000151</td>\n",
       "      <td>0.000151</td>\n",
       "    </tr>\n",
       "    <tr>\n",
       "      <th>GOOG</th>\n",
       "      <td>0.000171</td>\n",
       "      <td>0.000104</td>\n",
       "      <td>0.000241</td>\n",
       "      <td>0.000238</td>\n",
       "      <td>0.000206</td>\n",
       "      <td>0.000345</td>\n",
       "      <td>0.000130</td>\n",
       "      <td>0.000113</td>\n",
       "      <td>0.000120</td>\n",
       "      <td>0.000120</td>\n",
       "    </tr>\n",
       "    <tr>\n",
       "      <th>LLY</th>\n",
       "      <td>0.000116</td>\n",
       "      <td>0.000110</td>\n",
       "      <td>0.000127</td>\n",
       "      <td>0.000149</td>\n",
       "      <td>0.000155</td>\n",
       "      <td>0.000130</td>\n",
       "      <td>0.000360</td>\n",
       "      <td>0.000150</td>\n",
       "      <td>0.000160</td>\n",
       "      <td>0.000113</td>\n",
       "    </tr>\n",
       "    <tr>\n",
       "      <th>MRK</th>\n",
       "      <td>0.000127</td>\n",
       "      <td>0.000100</td>\n",
       "      <td>0.000157</td>\n",
       "      <td>0.000151</td>\n",
       "      <td>0.000134</td>\n",
       "      <td>0.000113</td>\n",
       "      <td>0.000150</td>\n",
       "      <td>0.000219</td>\n",
       "      <td>0.000140</td>\n",
       "      <td>0.000092</td>\n",
       "    </tr>\n",
       "    <tr>\n",
       "      <th>PFE</th>\n",
       "      <td>0.000138</td>\n",
       "      <td>0.000095</td>\n",
       "      <td>0.000168</td>\n",
       "      <td>0.000148</td>\n",
       "      <td>0.000151</td>\n",
       "      <td>0.000120</td>\n",
       "      <td>0.000160</td>\n",
       "      <td>0.000140</td>\n",
       "      <td>0.000242</td>\n",
       "      <td>0.000094</td>\n",
       "    </tr>\n",
       "    <tr>\n",
       "      <th>TGT</th>\n",
       "      <td>0.000133</td>\n",
       "      <td>0.000096</td>\n",
       "      <td>0.000174</td>\n",
       "      <td>0.000152</td>\n",
       "      <td>0.000151</td>\n",
       "      <td>0.000120</td>\n",
       "      <td>0.000113</td>\n",
       "      <td>0.000092</td>\n",
       "      <td>0.000094</td>\n",
       "      <td>0.000378</td>\n",
       "    </tr>\n",
       "  </tbody>\n",
       "</table>\n",
       "</div>"
      ],
      "text/plain": [
       "            BK        CL       COF       COP      CSCO      GOOG       LLY  \\\n",
       "BK    0.000417  0.000095  0.000404  0.000355  0.000200  0.000171  0.000116   \n",
       "CL    0.000095  0.000193  0.000122  0.000104  0.000119  0.000104  0.000110   \n",
       "COF   0.000404  0.000122  0.000764  0.000514  0.000259  0.000241  0.000127   \n",
       "COP   0.000355  0.000104  0.000514  0.000840  0.000255  0.000238  0.000149   \n",
       "CSCO  0.000200  0.000119  0.000259  0.000255  0.000345  0.000206  0.000155   \n",
       "GOOG  0.000171  0.000104  0.000241  0.000238  0.000206  0.000345  0.000130   \n",
       "LLY   0.000116  0.000110  0.000127  0.000149  0.000155  0.000130  0.000360   \n",
       "MRK   0.000127  0.000100  0.000157  0.000151  0.000134  0.000113  0.000150   \n",
       "PFE   0.000138  0.000095  0.000168  0.000148  0.000151  0.000120  0.000160   \n",
       "TGT   0.000133  0.000096  0.000174  0.000152  0.000151  0.000120  0.000113   \n",
       "\n",
       "           MRK       PFE       TGT  \n",
       "BK    0.000127  0.000138  0.000133  \n",
       "CL    0.000100  0.000095  0.000096  \n",
       "COF   0.000157  0.000168  0.000174  \n",
       "COP   0.000151  0.000148  0.000152  \n",
       "CSCO  0.000134  0.000151  0.000151  \n",
       "GOOG  0.000113  0.000120  0.000120  \n",
       "LLY   0.000150  0.000160  0.000113  \n",
       "MRK   0.000219  0.000140  0.000092  \n",
       "PFE   0.000140  0.000242  0.000094  \n",
       "TGT   0.000092  0.000094  0.000378  "
      ]
     },
     "execution_count": 5,
     "metadata": {},
     "output_type": "execute_result"
    }
   ],
   "source": [
    "cov_matrix = percent_change.cov()\n",
    "\n",
    "cov_matrix"
   ]
  },
  {
   "cell_type": "markdown",
   "metadata": {},
   "source": [
    "#### Standard Deviation\n",
    "\n",
    "To calculate standard deviation, we need to calculate the correlation between stocks.\n",
    "\n",
    "To do this, we will use a correlation matrix.\n",
    "\n",
    "The correlation of two stocks (stock X, stock Y) is calculated using the following equation:\n",
    "\n",
    "\\begin{align*}\n",
    "\\rho(X,Y)=\\frac{COV(X,Y)}{\\sigma_X \\sigma_Y}\n",
    "\\end{align*}\n",
    "\n",
    "Where $\\rho_{x,y}$ is the correlation between the two variables, $cov(r_x, r_y)$ is the covariance of return X and return Y, and $\\sigma_x$ and $\\sigma_y$ are the standard deviations of X and Y respectively.\n",
    "\n",
    "Note that each stock has a correlation of 1 with itself, a perfect positive correlation.\n",
    "\n",
    "There exists a positive correlation between stocks X and Y if $0 < \\rho_{x,y} < 1$.\n",
    "\n",
    "There exists a negative (inverse) correlation between stocks X and Y if $-1 < \\rho_{x,y} < 0$.\n",
    "\n",
    "There exists no (zero) correlation between stocks X and Y if $\\rho_{x,y} = 0$. In reality, it is almost impossible for two stocks to have zero correlation with each other.\n",
    "\n",
    "We will store the results of the correlation calculations in 'corr_matrix'."
   ]
  },
  {
   "cell_type": "code",
   "execution_count": 6,
   "metadata": {
    "scrolled": false
   },
   "outputs": [
    {
     "data": {
      "text/html": [
       "<div>\n",
       "<style scoped>\n",
       "    .dataframe tbody tr th:only-of-type {\n",
       "        vertical-align: middle;\n",
       "    }\n",
       "\n",
       "    .dataframe tbody tr th {\n",
       "        vertical-align: top;\n",
       "    }\n",
       "\n",
       "    .dataframe thead th {\n",
       "        text-align: right;\n",
       "    }\n",
       "</style>\n",
       "<table border=\"1\" class=\"dataframe\">\n",
       "  <thead>\n",
       "    <tr style=\"text-align: right;\">\n",
       "      <th></th>\n",
       "      <th>BK</th>\n",
       "      <th>CL</th>\n",
       "      <th>COF</th>\n",
       "      <th>COP</th>\n",
       "      <th>CSCO</th>\n",
       "      <th>GOOG</th>\n",
       "      <th>LLY</th>\n",
       "      <th>MRK</th>\n",
       "      <th>PFE</th>\n",
       "      <th>TGT</th>\n",
       "    </tr>\n",
       "  </thead>\n",
       "  <tbody>\n",
       "    <tr>\n",
       "      <th>BK</th>\n",
       "      <td>1.000000</td>\n",
       "      <td>0.333690</td>\n",
       "      <td>0.715997</td>\n",
       "      <td>0.599890</td>\n",
       "      <td>0.528991</td>\n",
       "      <td>0.452034</td>\n",
       "      <td>0.299603</td>\n",
       "      <td>0.421078</td>\n",
       "      <td>0.435655</td>\n",
       "      <td>0.336288</td>\n",
       "    </tr>\n",
       "    <tr>\n",
       "      <th>CL</th>\n",
       "      <td>0.333690</td>\n",
       "      <td>1.000000</td>\n",
       "      <td>0.318425</td>\n",
       "      <td>0.259415</td>\n",
       "      <td>0.460421</td>\n",
       "      <td>0.404164</td>\n",
       "      <td>0.419310</td>\n",
       "      <td>0.484883</td>\n",
       "      <td>0.438185</td>\n",
       "      <td>0.356295</td>\n",
       "    </tr>\n",
       "    <tr>\n",
       "      <th>COF</th>\n",
       "      <td>0.715997</td>\n",
       "      <td>0.318425</td>\n",
       "      <td>1.000000</td>\n",
       "      <td>0.641595</td>\n",
       "      <td>0.503970</td>\n",
       "      <td>0.468597</td>\n",
       "      <td>0.242755</td>\n",
       "      <td>0.385147</td>\n",
       "      <td>0.390804</td>\n",
       "      <td>0.322902</td>\n",
       "    </tr>\n",
       "    <tr>\n",
       "      <th>COP</th>\n",
       "      <td>0.599890</td>\n",
       "      <td>0.259415</td>\n",
       "      <td>0.641595</td>\n",
       "      <td>1.000000</td>\n",
       "      <td>0.474678</td>\n",
       "      <td>0.441667</td>\n",
       "      <td>0.271160</td>\n",
       "      <td>0.352710</td>\n",
       "      <td>0.329132</td>\n",
       "      <td>0.269761</td>\n",
       "    </tr>\n",
       "    <tr>\n",
       "      <th>CSCO</th>\n",
       "      <td>0.528991</td>\n",
       "      <td>0.460421</td>\n",
       "      <td>0.503970</td>\n",
       "      <td>0.474678</td>\n",
       "      <td>1.000000</td>\n",
       "      <td>0.598118</td>\n",
       "      <td>0.441088</td>\n",
       "      <td>0.488685</td>\n",
       "      <td>0.520996</td>\n",
       "      <td>0.416975</td>\n",
       "    </tr>\n",
       "    <tr>\n",
       "      <th>GOOG</th>\n",
       "      <td>0.452034</td>\n",
       "      <td>0.404164</td>\n",
       "      <td>0.468597</td>\n",
       "      <td>0.441667</td>\n",
       "      <td>0.598118</td>\n",
       "      <td>1.000000</td>\n",
       "      <td>0.368269</td>\n",
       "      <td>0.410805</td>\n",
       "      <td>0.414551</td>\n",
       "      <td>0.331866</td>\n",
       "    </tr>\n",
       "    <tr>\n",
       "      <th>LLY</th>\n",
       "      <td>0.299603</td>\n",
       "      <td>0.419310</td>\n",
       "      <td>0.242755</td>\n",
       "      <td>0.271160</td>\n",
       "      <td>0.441088</td>\n",
       "      <td>0.368269</td>\n",
       "      <td>1.000000</td>\n",
       "      <td>0.534484</td>\n",
       "      <td>0.541516</td>\n",
       "      <td>0.306423</td>\n",
       "    </tr>\n",
       "    <tr>\n",
       "      <th>MRK</th>\n",
       "      <td>0.421078</td>\n",
       "      <td>0.484883</td>\n",
       "      <td>0.385147</td>\n",
       "      <td>0.352710</td>\n",
       "      <td>0.488685</td>\n",
       "      <td>0.410805</td>\n",
       "      <td>0.534484</td>\n",
       "      <td>1.000000</td>\n",
       "      <td>0.607066</td>\n",
       "      <td>0.318520</td>\n",
       "    </tr>\n",
       "    <tr>\n",
       "      <th>PFE</th>\n",
       "      <td>0.435655</td>\n",
       "      <td>0.438185</td>\n",
       "      <td>0.390804</td>\n",
       "      <td>0.329132</td>\n",
       "      <td>0.520996</td>\n",
       "      <td>0.414551</td>\n",
       "      <td>0.541516</td>\n",
       "      <td>0.607066</td>\n",
       "      <td>1.000000</td>\n",
       "      <td>0.311788</td>\n",
       "    </tr>\n",
       "    <tr>\n",
       "      <th>TGT</th>\n",
       "      <td>0.336288</td>\n",
       "      <td>0.356295</td>\n",
       "      <td>0.322902</td>\n",
       "      <td>0.269761</td>\n",
       "      <td>0.416975</td>\n",
       "      <td>0.331866</td>\n",
       "      <td>0.306423</td>\n",
       "      <td>0.318520</td>\n",
       "      <td>0.311788</td>\n",
       "      <td>1.000000</td>\n",
       "    </tr>\n",
       "  </tbody>\n",
       "</table>\n",
       "</div>"
      ],
      "text/plain": [
       "            BK        CL       COF       COP      CSCO      GOOG       LLY  \\\n",
       "BK    1.000000  0.333690  0.715997  0.599890  0.528991  0.452034  0.299603   \n",
       "CL    0.333690  1.000000  0.318425  0.259415  0.460421  0.404164  0.419310   \n",
       "COF   0.715997  0.318425  1.000000  0.641595  0.503970  0.468597  0.242755   \n",
       "COP   0.599890  0.259415  0.641595  1.000000  0.474678  0.441667  0.271160   \n",
       "CSCO  0.528991  0.460421  0.503970  0.474678  1.000000  0.598118  0.441088   \n",
       "GOOG  0.452034  0.404164  0.468597  0.441667  0.598118  1.000000  0.368269   \n",
       "LLY   0.299603  0.419310  0.242755  0.271160  0.441088  0.368269  1.000000   \n",
       "MRK   0.421078  0.484883  0.385147  0.352710  0.488685  0.410805  0.534484   \n",
       "PFE   0.435655  0.438185  0.390804  0.329132  0.520996  0.414551  0.541516   \n",
       "TGT   0.336288  0.356295  0.322902  0.269761  0.416975  0.331866  0.306423   \n",
       "\n",
       "           MRK       PFE       TGT  \n",
       "BK    0.421078  0.435655  0.336288  \n",
       "CL    0.484883  0.438185  0.356295  \n",
       "COF   0.385147  0.390804  0.322902  \n",
       "COP   0.352710  0.329132  0.269761  \n",
       "CSCO  0.488685  0.520996  0.416975  \n",
       "GOOG  0.410805  0.414551  0.331866  \n",
       "LLY   0.534484  0.541516  0.306423  \n",
       "MRK   1.000000  0.607066  0.318520  \n",
       "PFE   0.607066  1.000000  0.311788  \n",
       "TGT   0.318520  0.311788  1.000000  "
      ]
     },
     "execution_count": 6,
     "metadata": {},
     "output_type": "execute_result"
    }
   ],
   "source": [
    "corr_matrix = percent_change.corr()\n",
    "\n",
    "corr_matrix"
   ]
  },
  {
   "cell_type": "markdown",
   "metadata": {},
   "source": [
    "#### Expected Return\n",
    "Finally, we will calculate the expected return of each portfolio. The expected return of a portfolio is caluclated by the equation below:\n",
    "\n",
    "\\begin{align*}\n",
    "E(X)=\\overline{X}=\\frac{\\sum x_i}{N}\n",
    "\\end{align*}\n",
    "\n",
    "where $x_i$ are individual returns of some security $X$, $N$ is the total number of observations (time periods for us)"
   ]
  },
  {
   "cell_type": "code",
   "execution_count": 38,
   "metadata": {
    "scrolled": false
   },
   "outputs": [
    {
     "data": {
      "text/html": [
       "<div>\n",
       "<style scoped>\n",
       "    .dataframe tbody tr th:only-of-type {\n",
       "        vertical-align: middle;\n",
       "    }\n",
       "\n",
       "    .dataframe tbody tr th {\n",
       "        vertical-align: top;\n",
       "    }\n",
       "\n",
       "    .dataframe thead th {\n",
       "        text-align: right;\n",
       "    }\n",
       "</style>\n",
       "<table border=\"1\" class=\"dataframe\">\n",
       "  <thead>\n",
       "    <tr style=\"text-align: right;\">\n",
       "      <th></th>\n",
       "      <th>Returns</th>\n",
       "      <th>Volatility</th>\n",
       "    </tr>\n",
       "  </thead>\n",
       "  <tbody>\n",
       "    <tr>\n",
       "      <th>BK</th>\n",
       "      <td>-0.051882</td>\n",
       "      <td>0.322761</td>\n",
       "    </tr>\n",
       "    <tr>\n",
       "      <th>CL</th>\n",
       "      <td>0.084679</td>\n",
       "      <td>0.219588</td>\n",
       "    </tr>\n",
       "    <tr>\n",
       "      <th>COF</th>\n",
       "      <td>0.037188</td>\n",
       "      <td>0.437067</td>\n",
       "    </tr>\n",
       "    <tr>\n",
       "      <th>COP</th>\n",
       "      <td>-0.049693</td>\n",
       "      <td>0.458348</td>\n",
       "    </tr>\n",
       "    <tr>\n",
       "      <th>CSCO</th>\n",
       "      <td>0.082123</td>\n",
       "      <td>0.293571</td>\n",
       "    </tr>\n",
       "    <tr>\n",
       "      <th>GOOG</th>\n",
       "      <td>0.184453</td>\n",
       "      <td>0.293741</td>\n",
       "    </tr>\n",
       "    <tr>\n",
       "      <th>LLY</th>\n",
       "      <td>0.281487</td>\n",
       "      <td>0.299857</td>\n",
       "    </tr>\n",
       "    <tr>\n",
       "      <th>MRK</th>\n",
       "      <td>0.181363</td>\n",
       "      <td>0.233781</td>\n",
       "    </tr>\n",
       "    <tr>\n",
       "      <th>PFE</th>\n",
       "      <td>0.066535</td>\n",
       "      <td>0.246056</td>\n",
       "    </tr>\n",
       "    <tr>\n",
       "      <th>TGT</th>\n",
       "      <td>0.470211</td>\n",
       "      <td>0.307390</td>\n",
       "    </tr>\n",
       "  </tbody>\n",
       "</table>\n",
       "</div>"
      ],
      "text/plain": [
       "       Returns  Volatility\n",
       "BK   -0.051882    0.322761\n",
       "CL    0.084679    0.219588\n",
       "COF   0.037188    0.437067\n",
       "COP  -0.049693    0.458348\n",
       "CSCO  0.082123    0.293571\n",
       "GOOG  0.184453    0.293741\n",
       "LLY   0.281487    0.299857\n",
       "MRK   0.181363    0.233781\n",
       "PFE   0.066535    0.246056\n",
       "TGT   0.470211    0.307390"
      ]
     },
     "execution_count": 38,
     "metadata": {},
     "output_type": "execute_result"
    }
   ],
   "source": [
    "# Calculate Yearly Expected Returns (Returns)\n",
    "\n",
    "individual_expected_returns = closing_prices.resample('Y').first().pct_change().mean()\n",
    "\n",
    "yearly_stats = pd.DataFrame(individual_expected_returns, columns=['Returns'])\n",
    "\n",
    "# Calculate Annual Standard Deviation (Volatility)\n",
    "\n",
    "trading_days = 250\n",
    "\n",
    "annual_standard_deviation = percent_change.std().apply(lambda x: x * np.sqrt(trading_days))\n",
    "\n",
    "yearly_stats['Volatility'] = annual_standard_deviation\n",
    "\n",
    "yearly_stats"
   ]
  },
  {
   "cell_type": "code",
   "execution_count": 93,
   "metadata": {},
   "outputs": [],
   "source": [
    "# Change this number to change the number of randomly generated portfolios\n",
    "# The more number of random portfolios generated, the more optimized\n",
    "#   the final optimized portfolio will be\n",
    "\n",
    "number_of_portfolios = 10"
   ]
  },
  {
   "cell_type": "code",
   "execution_count": 98,
   "metadata": {},
   "outputs": [
    {
     "data": {
      "text/plain": [
       "[0.1480057489702076,\n",
       " 0.13187686164804124,\n",
       " 0.13972338232786463,\n",
       " 0.15192490001682857,\n",
       " 0.13396500286953864]"
      ]
     },
     "execution_count": 98,
     "metadata": {},
     "output_type": "execute_result"
    }
   ],
   "source": [
    "# Generate portfolios with random weights\n",
    "\n",
    "# generate_portfolios(tickers, number_of_portfolios) generates\n",
    "#   a collection of [number_of_portfolios] portfolios from the\n",
    "#   list of [tickers]\n",
    "\n",
    "\"\"\"\n",
    "Params:\n",
    "    tickers (listof Str): List of stock tickers to choose from\n",
    "    number_of_portfolios (Nat): Number of portfolios to generate\n",
    "\"\"\"\n",
    "\n",
    "def generate_portfolios(tickers, number_of_portfolios):\n",
    "    returns = []\n",
    "    volatility = []\n",
    "    weights = []\n",
    "    \n",
    "    for i in range(0, number_of_portfolios):\n",
    "        weights = np.random.random(len(tickers))\n",
    "        weights = weights / np.sum(weights)\n",
    "        \n",
    "        individual_returns = np.dot(weights, yearly_stats.Returns)\n",
    "        returns.append(individual_returns)\n",
    "        \n",
    "    return returns\n",
    "        \n",
    "generate_portfolios(tickers, number_of_portfolios)[0:5]"
   ]
  },
  {
   "cell_type": "markdown",
   "metadata": {},
   "source": [
    "## Contribution Declaration\n",
    "\n",
    "The following team members made a meaningful contribution to this assignment:\n",
    "\n",
    "Derek, Yuqian, Jeff"
   ]
  },
  {
   "cell_type": "markdown",
   "metadata": {},
   "source": [
    "### Sources\n",
    "\n",
    "*I will make this look nicer later*\n",
    "\n",
    "Image Link: https://www.cryptimi.com/guides/is-diversification-the-right-strategy-for-your-cryptocurrency-portfolio\n",
    "Equations: Professor Thompson's notes\n",
    "Definition of MPT & EF: https://www.investopedia.com/terms/e/efficientfrontier.asp https://www.investopedia.com/terms/m/modernportfoliotheory.asp\n"
   ]
  }
 ],
 "metadata": {
  "interpreter": {
   "hash": "4e28298bb47a08697a860182f4406c1126f813946b24568f02bad9bcf7ea902f"
  },
  "kernelspec": {
   "display_name": "Python 3",
   "language": "python",
   "name": "python3"
  },
  "language_info": {
   "codemirror_mode": {
    "name": "ipython",
    "version": 3
   },
   "file_extension": ".py",
   "mimetype": "text/x-python",
   "name": "python",
   "nbconvert_exporter": "python",
   "pygments_lexer": "ipython3",
   "version": "3.8.8"
  }
 },
 "nbformat": 4,
 "nbformat_minor": 2
}
